41263.0
19900293.428008404
35170867.957948826
34911095.83002012
13464211.258040775
4262748.693629417
101231631.47138767
7964.999999999998
101479809.0
78538446.89622392
6641.602525289893
78538446.89622392
135529.0
2991669.0
231250.0
2991669.0
10703288.05415836
139455.65096446988
4098.399297189434
10703288.05415836
59633464.85318573
97094.32845364527
25046.16329348919
46818198.74547744
393256332.0
94939.57219039553
144684.82057440036
152910801.0881812
17083124.397071302
125077.05461907285
24996.244444444445
8505521.62581539
16855821.21221828
87290.28693488504
9175.572307499388
1703305.5227302792
19577973.241911992
107793.7522009624
40535.0
19577973.241911992
19900293.428008404
90776.58893036247
37413.10450292661
14840761.796551054
82.99999999999999
5256387.190634005
168406.99999999997
7964.999999999998
227454.58084405624
177138.99999999994
177138.99999999994
7964.999999999998
64512.01071767253
7964.999999999998
224294.24720599537
62504.99545740272
224294.24720599537
296919.71360823157
31286.855522412225
30768.26280702133
5307346.502354972
31902.0
64130.244974530986
5307346.502354972
1696948.0
23812.0
39834.0
989425.0
17166.170757167543
95.09015182544717
39834.0
14755.480490072456
133161.0
258812.99999999994
1042924.0
7964.999999999998
241371.14511739198
97263.99999999999
258812.99999999994
1042924.0
3261120.9999999995
97263.99999999999
3261120.9999999995
131673.00576324348
343169.0
10268.0
64615.0
343169.0
131673.00576324348
10268.0
343169.0
77283793.64628838
13251508.720308974
85709.18062894979
5256387.190634005
53112.63849061155
16097.523230042598
15571653800.140854
53272890.85780259
2976042.87198699
1151884.4812138993
2285229383.0001802
272961.0
9192613.987992859
64003.25672654167
41263.0
16743219.381358897
225012.1152841306
9192613.987992859
16743219.381358897
51123.46115910758
704854.0233095214
4479.461502961348
39430.44962652352
6313968.537487978
38778.18679338003
664602.8142074001
5920875.212111783
2101583.711949292
1696948.0
32066.0
3699016.15886422
26011.55564696555
41263.0
535260974.75259304
2101583.711949292
1696948.0
3699016.15886422
535260974.75259304
5336387.840648027
1561292.205959118
31162.996494007602
9120319.579496842
64436.22366478495
38325.466400342564
1339530000.0959964
5336387.840648027
1561292.205959118
9120319.579496842
1339530000.0959964
378227846.1254804
17079672.5187466
115632.73841838131
18994502.005619943
153187.51760442465
20289.76255885188
94008158829.26358
257966595.38250643
4926812.3424982205
6139666.036106399
21708103368.13203
393256332.0
391994.263569675
85507.81157209491
374105.8641929439
131227.43052395643
97.91837961083442
1896528944.4009016
110335650.02910869
137327.40856006724
141305.035759145
239238886.34320632
2444285.6507928167
3647202.9573568767
20055.269291340657
1696948.0
31902.0
41263.0
672662721.5999211
2444285.6507928167
3647202.9573568767
1696948.0
672662721.5999211
383804.1425799878
19900293.428008404
109564.04866139662
23265.15365560595
146.56894618966749
41224.6
104477701.04037288
383804.1425799878
19900293.428008404
23265.15365560595
104477701.04037288
381924.80701028963
19900293.428008404
93894.61386395418
23150.875656961
128.18953123127574
38351.0
103963169.38864747
300740.8823458621
16199427.564353492
19912.716935149558
81057093.95085268
258812.99999999994
2991669.0
1088208.0
177138.99999999994
97263.99999999999
1483868.3436718313
5753893.999999999
3261120.9999999995
26810234.0
2514648.0
84181116.0
34486782.32256796
19461289.870320063
107154.23867657302
2610585.8370028664
22887.096106800873
40466.98035181311
5667427127.136743
34486782.32256796
19461289.870320063
2610585.8370028664
5667427127.136743
178843682.37151164
19577973.241911992
94363.78091477045
10038310.32326621
48315.24277704362
39610.00782016132
52319789061.48298
134520407.92956436
16153958.912717616
8297474.419684387
39038436595.37163
9430.366400955938
56371.40119074811
8824202.914306775
39828.177777777775
9430.366400955938
10881559.394091353
7594091.996016819
9384298.727424685
5614.200741336605
1081.4687398647911
182974.2773997577
38120.54551933248
5258.539702784827
1795378.5066997213
147526.77639150125
1441401.7377516385
231250.0
1646927.0
178118.56548481903
29660.186136714892
1646927.0
231250.0
136228.7186351418
1646927.0
12692610.0
23001.0
2653805.0
59434.57700375566
9282930.766411124
39948.0
12359185.0
1817391124.0
2591963.0
7966198.614146337
1719099634.0
28295853.17208931
144595.67882835778
31963106.031772442
11378.32998964735
1893342.1107981482
37191.43876357561
18679796.98506093
6260764598.949331
17743976.405014873
1410687.8224815945
3109640659.0919557
5202978.0
42543.70480519757
9202515.0
1503.2846026916015
1671039.0955485452
21818.860480667725
478527.2234026251
1336717828.0
4667329.430756324
143688.1297784973
59194384.7149839
128820.45617255443
232383.17552888978
2938425.0
1042924.0
6776.37560140572
175905.58155864733
57093.38624947453
159371.21310788786
91437.25768159682
1594975.745155118
219945.60642981343
2829228.38397355
676219.8785723294
5179755.103954925
3064662.0067241574
25615329.999999993
150672.061028146
43006.039946096615
959379.7754874877
2375832.8833088363
4888987.517881614
1429400.9079979227
15441406.610249659
79514728.99568231
1012313.8267976862
33283413.28433004
65260414.611247525
35779946.0
17367743.0
141844.0
12419973.639822293
2328294.115556886
28265.02687277611
600913.0
23266.0
32025.27216351174
30944477823.232285
13580000129.031712
65260414.611247525
2170173802.0
35779946.0
17367743.0
447184532.19417626
12419973.639822293
2328294.115556886
600913.0
2518538006287.8657
30944477823.232285
13580000129.031712
2170173802.0
447184532.19417626
2518538006287.8657
901855.0
25339635.18572956
17083124.397071302
89082.75832262143
53964.0
28889.0
321.0
1696948.0
35177.0
9446.0
227741659.0
152134660.0
469270.0
4704771657.466365
10519771.531441703
1763168.2621622572
7411439.0
35538.0
7537.0
415820.0
48351104001.0
61330777.0
11410324.0
241999768.98451823
926315.0
1742957361.0
14566159.777352776
2486687.2412128197
3712566.380748951
20413.919000009228
5212493.429243804
9047254.277399298
62974.457125649256
1662697.8945768024
29966.290274458348
40483.068559320294
2898725133.292411
3533024889.7964106
14566159.777352776
684277963.2252434
2486687.2412128197
3712566.380748951
1334904431.7954879
5212493.429243804
9047254.277399298
1631977.2584353304
900130145063.1909
2898725133.292411
3533024889.7964106
684277963.2252434
1334904431.7954879
900130145063.1909
1767215.4964812177
2486687.2412128197
3712566.380748951
15093.880064672216
138138.4200587762
235387.24492240942
1312.7722009274073
1696948.0
12396.689315478745
34844.10240685502
182192674.19813907
318046966.5354526
1405928.004275765
684277963.2252434
453471.2122787019
2093459.332779707
35998407.07410492
32074.46941568989
162086.90757225695
403736.75086041214
52679618984.215744
34513287.223993555
198703171.9936819
90581898.3670517
5220728.319562603
7000506620.388815
66803826.06203851
149324896.76270518
25339635.18572956
124519.2525298874
34943865.699884854
4168917.7289290726
27128.803700837103
9202515.0
60393.0
38139.09492647198
140567288336.51105
16604568607.023205
53004274.55241081
36815746167.321335
119811050.76270518
21577859.462072097
6777128746.992042
29786006.118747246
3667498.499492278
8138169.0
39666617398374.53
95085282550.03964
12269398608.28685
27430343139.32134
5136929400.190283
25203339558276.617
2216436.5982808555
393256332.0
25774571.0
120110.73983189394
1964339.4742100553
129502.68588245913
792.6611805548246
32578948.755504385
175971.0469394956
38709.40020525108
9927349768.70432
578797007.6669353
1763313.0296316706
112699553418.0
277829818.7766538
20522566.42170514
460566366.7327583
1580830.0276984926
112149.70704585378
26437866.02622709
3334277287397.8535
6846558489.749521
438062202.89063495
78873302542.46278
343120605.95584905
2364173399640.464
343169.0
132918.0
9839.0
28894.114691647985
4176933.3297722447
41263.0
328154.0
132886.18181818182
22814274.0
9751.727272727272
10404560.937717978
4176933.3297722447
325099.45454545453
343169.0
22814274.0
10404560.937717978
343169.0
296955.6780146408
9728.812084862637
1589.7815017794271
341.5192341523437
47321.13868491571
41263.0
49893.469313109075
6574.980728059806
923086.6154096808
1318.1147921433303
188730.65241896597
47321.13868491571
41421.45640103124
142488.7661632612
923086.6154096808
188730.65241896597
142488.7661632612
82.99999999999999
59076.0
113375515.0
9278929.297524765
185216.0
39100.13808573963
32635522.723851275
82.99999999999999
3370961.999999999
213475.99999999994
94362139.0
7942164.494073286
25830010178.0
28944829.723851275
2679737.9999999995
181603.99999999994
839588740.9999999
20214358712.0
649647556.9999999
82.99999999999999
64615.0
5349784.0
9283893.0
32066.0
41263.0
1696948.0
82.99999999999999
168406.99999999997
213475.99999999994
5349784.0
9283893.0
1370202343.0
1696948.0
168406.99999999997
213475.99999999994
39865314.99999999
1370202343.0
39865314.99999999
82.99999999999999
62609.333333333336
88623.71976148858
9279903.0
145.3126263642375
40106.02857142857
23292.31057619597
82.99999999999999
10835.037128436714
213475.99999999994
86247.57963083076
8642101.0
19255832.180836137
22853.000947388304
10720.374552364274
209076.99999999994
1804859.0567503972
18500219.61928695
1768396.357559361
10268.0
39380904.00741052
5318445.484095041
9228598.46581541
64257.79491207415
9155101.982618675
10277445.284374848
57212.373940793754
1672145.0
31237.705716782126
40535.0
39380904.00741052
9520236.002943987
11238680.382028269
10268.0
10081351421.687574
9453330434.859108
39380904.00741052
1361983966.5351737
5318445.484095041
9228598.46581541
2404539945.380472
9155101.982618675
10277445.284374848
1672145.0
10081351421.687574
9453330434.859108
39380904.00741052
1492824434.2295063
9520236.002943987
11238680.382028269
3021655682563.3037
10081351421.687574
9453330434.859108
1361983966.5351737
2404539945.380472
3021655682563.3037
10081351421.687574
9453330434.859108
1492824434.2295063
3021655682563.3037
3021655682563.3037
9430.366400955938
7766336.747105587
421018.4175474419
719492.9261008166
4362.293280439546
5202978.0
9202515.0
59357.0
1696948.0
22179.895450232078
39614.48888888889
40144623.84849019
5363418.48044576
8545489.820420437
9430.366400955938
1056369579.2212816
1462589527.9351897
6821585.637606978
110382573.23344555
215389.12733538524
632445.8953414024
1336717828.0
2533978.0
8069793.0
916738.422222222
5954639307.242451
7718132428.24298
34030363.84849019
1294904757.2682528
2182373.9845716776
7219962.303440157
304663403535.937
421510168.49539447
1184008334.6737027
50813410.720435716
560031700.0
1778486892811.2146
1757121307.242451
5863867588.24298
458801376.8851749
108808616963.40826
468535444651.2149
135529.0
343169.0
1088208.0
10268.0
307253.0
9283893.0
61050.539839143275
598348.0
40365.42501270567
343169.0
1088208.0
22814274.0
135529.0
20345797.0
598348.0
11361662.0
10268.0
18487502.0
249933.09628566008
8182010.629383456
20345797.0
343169.0
343169.0
1088208.0
1088208.0
21562735.629383456
598348.0
598348.0
10110123.629383456
17235963.629383456
20345797.0
20345797.0
343169.0
1088208.0
598348.0
20345797.0
129925.67882831642
300047.7236761508
1042924.0
6720.206100900782
69500.33608951009
1329364.729051184
8711.714150061322
516394.54019058106
41263.0
224677.00898488172
704445.0048635084
18435346.14038036
127109.63147413965
17558672.51772387
78328.375368954
9091113.537114058
6670.802603246594
7857154.520416546
52692.505899398246
1329364.729051184
2601956.9301675465
244555.98907139513
222849.07957167676
766004.0
688219.9942649924
18435346.14038036
99281.89491960325
76401.63896044066
9091113.537114058
7857154.520416546
3377237.1535415696
2530667.6830525533
244555.98907139513
766004.0
99281.89491960325
3377237.1535415696
6741.587136520528
85948.0
79187.0
7297.324801250102
29055.243316438726
580306.1987717287
3822.95320567376
598348.0
41263.0
74304.72405125953
48934.898324300586
9750745.592231607
6714.437861352015
3282846.0
78293.33994253993
5699869.179184177
7138.289541161924
3450515.3375985306
21883.825977184413
580306.1987717287
830746.2379991217
74542.0
73300.20087002454
49185.0
47876.07659272857
9750745.592231607
113907.0
73937.3685879763
5699869.179184177
3450515.3375985306
840000.0
791569.8339309571
74542.0
49185.0
113907.0
840000.0
103052.81818181818
293323.0050096705
706717.0
8595.335018511845
149303.1947304572
4197639.848332691
27524.082654763362
517171.9972338903
40262.00304482155
286681.550464216
677176.3636363636
22814274.0
103027.03305785124
14540488.446353164
349152.791692515
9947754.68150896
8524.610107059661
12202877.479141392
104852.58357939796
3703957.3193155946
11704587.355444077
293323.0050096705
284206.1785633895
706717.0
666166.1157024794
21532278.861413192
517171.9972338903
318953.25450243236
8665759.542922154
10935369.736943718
14540488.446353164
10647603.553791184
293323.0050096705
706717.0
517171.9972338903
14540488.446353164
76584.95216912037
252686.34222969794
2938425.0
17083124.397071302
139455.65096446988
5338.068840976462
118746.35022804538
173099.7852291497
31413.487001459747
166140.6825874428
1611141.2988100455
10340911.630952045
64916.29819002722
5618961.754187942
46823899.13006718
252219.60423843155
7039493.618709555
2422568.190485707
17083124.397071302
115418.71998169128
3587179.948580361
166140.6825874428
166140.6825874428
3722867.6591364266
1383494.2414250416
10340911.630952045
5618961.754187942
5604026.138467417
46823899.13006718
7039493.618709555
3587179.948580361
3587179.948580361
41571652.147117995
3722867.6591364266
5618961.754187942
3587179.948580361
97804.29628655527
253223.7985114075
1738109.1903250497
13251508.720308974
95542.6814955802
7409.531213064107
53415.05332410375
174450.99999999994
22547.83641090686
241376.3752994968
1672784.5917653127
10003016.454971656
71866.05555075163
5614284.840588132
44565312.174423754
251352.2464724409
1815728.0
1553179.7039185849
6269994.042342335
163319.86808072776
5329445.731470674
241376.3752994968
241376.3752994968
1733860.4798958185
1503269.4957877316
4881981.604442974
5666203.999999999
5580436.141985384
20226545.645833403
1815728.0
5329445.731470674
5329445.731470674
20024027.57531798
1733860.4798958185
5666203.999999999
5329445.731470674
131666.39597315437
258812.99999999994
1917929.3796005067
17083124.397071302
139455.65096446988
7737.879194630871
61090.2770146694
170074.11568924075
31373.46122412256
251654.37583892612
1907488.9011636667
13151185.409354724
108326.63013726211
5535981.548217218
46978048.174186185
258078.8646017437
1964585.8651065687
1802522.0912204473
17083124.397071302
168059.78369744864
5473338.677596178
251654.37583892612
251456.97843193627
1954145.3866697287
1792081.6127836073
13151185.409354724
5535981.548217218
5535981.548217218
46978048.174186185
1964585.8651065687
5473338.677596178
5473338.677596178
46798471.642054014
1954145.3866697287
5535981.548217218
5473338.677596178
29575.21908981787
223283.97820430296
1035808.0
13251508.720308974
87304.05115747763
2545.8413817147866
10698.883374628507
145978.7377813743
14909.203573147248
79406.33635200588
323914.9695292655
4148856.5586627363
21425.143359473288
4739426.511955426
43819313.435161054
220806.3153190621
1035808.0
961444.8124113921
3485594.740348548
61863.15203954484
1935797.3111213048
79406.33635200588
79406.33635200588
323914.9695292655
323914.9695292655
1311634.35772896
4739426.511955426
4739426.511955426
8704537.804542875
1035808.0
1935797.3111213048
1935797.3111213048
6040497.487047648
323914.9695292655
4739426.511955426
1935797.3111213048
135529.0
343169.0
2991669.0
1088208.0
25774571.0
10268.0
231250.0
302162.0
244803.0
598348.0
1646927.0
343169.0
2991669.0
1088208.0
20279352.0
8124053.0
20345797.0
65734677.0
26810234.0
73486895.0
66134661.0
244803.0
598348.0
1646927.0
17340561.0
8124053.0
20345797.0
65734677.0
26810234.0
73486895.0
66134661.0
590666751.0
8124053.0
20345797.0
55095753.0
17340561.0
590666751.0
8124053.0
20345797.0
55095753.0
590666751.0
590666751.0
102911.0
306386.2592702634
2266751.0
706717.0
19900293.428008404
8597.972892875958
229718.50923294615
143667.96713192188
224839.72278891376
548543.4707436899
1646927.0
286130.2592702634
2259999.0
616620.0
15371643.964240802
7178981.055192186
14862147.347311862
60339982.44778374
17037272.0
73486895.0
57617179.41126716
198203.1305303544
193111.4427935382
1320668.3217322065
15893418.31683744
6530789.055192186
6212835.347311864
59862153.137740076
14154168.0
73486895.0
55328164.79991345
420066643.48754156
7463069.784241764
18652956.32556717
55095753.0
4519593.422432587
143288659.48754162
6530789.055192186
6212835.347311864
44108122.6519662
541372530.7917116
143288659.48754162
82079.62254137226
343169.0
2938425.0
1042924.0
25339635.18572956
8729.665402784338
57333.480123633766
18160.934914365673
244803.0
598348.0
1614279.3956841223
292503.43270016863
1850151.0003347343
600458.5417115621
19794141.113833368
8124053.0
20345797.0
64416758.385096475
25615329.999999993
72105430.24673066
64480307.7439513
200658.12265344575
156186.43453257115
422018.32871075236
17340561.0
6655209.739335805
5152818.989281789
63368727.43716055
13820519.106257722
72105430.24673066
60155410.43490372
590666751.0
8124053.0
20345797.0
53953086.848944284
3643673.754069155
118059940.12782364
6655209.739335805
5152818.989281789
14224392.047845958
590666751.0
118059940.12782364
135529.0
343169.0
1984247.0
934833.0
25774571.0
10268.0
64121.0
33063.0
203113.0
584893.0
357233.0
343169.0
1984247.0
934833.0
20279352.0
6830945.0
19874872.0
65734677.0
11915096.0
73486895.0
66134661.0
203113.0
584893.0
357233.0
7001671.0
6830945.0
19874872.0
65734677.0
11915096.0
73486895.0
66134661.0
235830891.0
6830945.0
19874872.0
11915096.0
7001671.0
235830891.0
6830945.0
19874872.0
11915096.0
235830891.0
235830891.0
103122.0
331610.0
34663.0
706717.0
19900293.428008404
10268.0
1027.0
307253.0
13956.0
598348.0
11986.0
331610.0
34663.0
706717.0
15398652.424939495
484721.0
15410103.999999998
60309194.95624116
413884.0
24730308.483276945
56884638.08586265
13956.0
598348.0
11986.0
404293.00000000006
484721.0
15410103.999999998
60309194.95624116
413884.0
24730308.483276945
56884638.08586265
14021708.0
484721.0
20345797.0
413884.0
404293.00000000006
14021708.0
484721.0
20345797.0
413884.0
14021708.0
14021708.0
132883.9090909091
343169.0
2938425.0
66906.0
25339635.18572956
9745.493506493507
216262.332545873
2057.0
244803.0
23477.0
47166.0
324881.2727272727
2929558.090909091
66906.0
19903178.32688338
8124053.0
798589.0
65315792.624047786
1530886.0
73486895.0
41058848.22955029
228082.79220779223
23477.0
47166.0
553837.0
7538845.7272727275
798589.0
65199046.693576515
1530886.0
73486895.0
41058848.22955029
18687831.0
8124053.0
798589.0
1530886.0
553837.0
18687831.0
7538845.7272727275
798589.0
1530886.0
18687831.0
18687831.0
134650.67738129135
2991669.0
1088208.0
228325.4962913631
77454.62400351648
2175965.638163992
15084.324546560823
1646927.0
41263.0
2967187.5190052707
866313.8502781686
21287891.56521357
134502.81086103988
26810234.0
1285637.488192755
18534294.11400396
219985.67690608843
8430512.365847662
57179.60981397922
2175965.638163992
20032232.218452666
2991669.0
2963591.03854573
1088208.0
851139.0820951981
21287891.56521357
1646927.0
1182766.640798774
18534294.11400396
8430512.365847662
26810234.0
19647676.725374717
2991669.0
1088208.0
1646927.0
26810234.0
101231.92266371106
2228344.2090000124
681355.1663032306
228997.31131087153
122851.82657279445
3779690.4813536336
23365.815357063697
1646927.0
37717.60918964077
2222865.515618307
608248.8514911013
22814274.0
101227.11370276031
16383857.564586818
1307116.544850944
21987380.17125392
228360.46066203466
11217719.675297443
79966.17326653152
3091458.570056823
14044455.49059868
2228344.2090000124
2222711.6288678832
681355.1663032306
606195.4251651374
19956231.374436088
1646927.0
1271002.0412558392
19129337.545690008
8394933.630490359
16383857.564586818
13978745.848167837
2228344.2090000124
681355.1663032306
1646927.0
16383857.564586818
135160.79056303808
1984247.0
1088208.0
64121.0
74702.46294453545
1954408.1675999658
11013.996087246258
375653.0
34948.05632016911
1984247.0
930982.570417261
20625632.39242477
134089.56056330923
12353050.0
375653.0
17719423.37479627
64102.37097183055
8250936.571559368
43926.635349861535
1283119.2084330427
12353050.0
1984247.0
1983594.9840140692
1088208.0
878928.4647435802
15956144.752859637
375653.0
367698.40497164335
13049935.735231137
4466210.61109102
12353050.0
12074639.174007516
1984247.0
1088208.0
375653.0
12353050.0
85828.1937686353
2991669.0
934833.0
62043.78637159777
20682.340898670725
318159.1884573622
2087.423066745331
800352.0
40416.2076479629
1938561.9154713454
638012.4324084829
9387692.725534873
66001.99179420025
22868098.0
480092.8186687102
6992172.314936163
45507.8760820337
2528911.6662593437
15976.369937800848
318159.1884573622
14716380.129997624
2977013.0
1495202.978640686
798228.0
539976.521424802
9387692.725534873
675456.0
371258.07560003735
6992172.314936163
2528911.6662593437
18496738.0
12403966.608554473
2977013.0
798228.0
675456.0
18496738.0
128243.2099659532
2991669.0
1088208.0
129875.04773558043
65095.29514631707
709971.4587174358
4641.5537407580405
1646927.0
41263.0
2867810.5694212047
1073636.4199319063
13970103.178058278
108137.39693609937
26810234.0
1332051.3962679743
11719539.180318464
98765.76570562557
8100069.543777693
53179.77552236292
709971.4587174358
26562517.138842408
2991669.0
2448790.821707958
1088208.0
1013030.504681085
13970103.178058278
1646927.0
1169763.2876746436
11719539.180318464
8100069.543777693
26810234.0
25244182.822890412
2991669.0
1088208.0
1646927.0
26810234.0
102362.62952119274
2266751.0
706717.0
185778.82213915943
79482.48733488997
1374992.6116801365
8501.238934544892
1646927.0
38863.0
2246838.1085086255
567815.0273861538
18473893.032400295
102351.1381219904
17037272.0
1133576.3033840063
15577743.120985834
155414.2453003551
8699800.288134916
57447.048621088616
1216372.918742101
12982848.65726769
2259999.0
2246562.3149277694
616620.0
566792.292857145
16781268.032400295
1406953.0
1031215.0669831566
13885118.120985834
7206830.976403063
14154168.0
12958303.02857148
2259999.0
616620.0
1406953.0
14154168.0
66502561.98074116
139455.65096446988
28777.04429779789
66502561.98074116
78538446.89622392
109564.04866139662
63595.58220586608
78538446.89622392
388179980.2962782
124304.23996766905
186656.81210946987
308485005.4966126
393256332.0
126195.79494736841
186800.00933333332
313130412.6479999
17083124.397071302
139455.65096446988
31289.111023865862
17083124.397071302
17367743.0
141844.0
31413.487001459747
17367743.0
706717.0
98644.2938476011
103122.0
307253.0
548098.809851929
706717.0
77405.61738917849
548098.809851929
25334268.04694964
134968.17610820182
40526.0
24580411.866644077
19577973.241911992
107793.7522009624
40535.0
19577973.241911992
113117778.64765467
175878.41520467837
57591.319304909266
87165817.74793026
105965408.07047462
181339.93421596056
63752.885234928464
105965408.07047462
111564020.67756526
188601.1450470531
61113.442046292956
103515577.58218555
231250.0
52652.16558414651
231250.0
2734964.205200242
32066.0
32968.48094993241
2734964.205200242
5349784.0
31684.146236315788
64615.0
5349784.0
2991669.0
1088208.0
135529.0
1646927.0
231250.0
302162.0
26810234.0
2991669.0
1088208.0
1646927.0
26810234.0
2219213.2511687353
675249.1460645836
101009.56479416507
1597342.245477874
227134.9010465811
245382.0
16223832.741566587
2219213.2511687353
675249.1460645836
1597342.245477874
16223832.741566587
5062109.191333653
17083124.397071302
139455.65096446988
174260.1614438612
1943.4685759402043
31901.700704047485
1035307690.7751583
5062109.191333653
17083124.397071302
174260.1614438612
1035307690.7751583
69423530.00357631
17367743.0
141844.0
2492647.8412619526
30038.024333005913
31182.111023865862
14525074974.166588
69423530.00357631
17367743.0
2492647.8412619526
14525074974.166588
63764240.25217529
13464211.258040775
95515.61386395418
2397544.7519893805
27037.020916361147
19778.0
13475200057.198357
49935635.599115044
5518766.042249512
1186469.4250664152
3859506840.583774
132913.00593744262
1088208.0
128144.39884331843
27719.87903391221
748730.231560262
132743.41894084532
93826.7142534442
742594.6186663364
100685.49133907395
681355.1663032306
261477.00277392054
61109.58530196648
552395.8087308713
100680.06021054281
209303.0445431746
551912.4382915996
165078.6048389414
4259047.05763651
29461.364105455403
40535.0
12702571.728447206
123622.01386720531
4259047.05763651
12702571.728447206
2488697.530225776
1696948.0
25666.999999999993
4341149.106836134
28412.13093644733
40208.0
638717182.8884399
1350559.434802584
1118952.0
3832823.3844420677
276789268.54386485
391875396.0655891
17367743.0
117469.42105263157
21017543.418765675
164346.3078217282
18706.092116991636
97765860442.7615
265249028.51152414
5007435.157894736
6256005.980801558
22371273825.351994
307348633.35588735
13251508.720308974
106403.47989637355
21362309.0
198093.0
29341.51005291005
76331121487.65259
297755754.4542244
12261634.83944172
18370485.0
69500991709.66855
149307543.70923936
17053135.94905567
106140.37758761537
5202978.0
56690.25
16629.289362682168
30459877872.546192
102776334.70923935
3399022.883500086
1518535.75
4585546947.546196
1445429.3156446717
3631647.539840166
19970.1104791702
669538.9635287292
4669.129016759714
40360.71383243234
370240913.7619097
1445429.3156446717
3631647.539840166
669538.9635287292
370240913.7619097
2444285.6507928167
3647202.9573568767
20055.269291340657
1696948.0
31902.0
41263.0
672662721.5999211
2444285.6507928167
3647202.9573568767
1696948.0
672662721.5999211
221015.57994374272
2266751.0
706717.0
103122.0
151202.49487303157
70839.06544733635
6835.787385285927
1646927.0
231250.0
302162.0
4887214.011553941
2272722.6305001914
221015.57994374272
17037272.0
2266751.0
706717.0
1797729.821852562
151202.49487303157
70839.06544733635
1646927.0
57039285.40992567
4887214.011553941
2272722.6305001914
17037272.0
1797729.821852562
57039285.40992567
238979.07982647556
2266751.0
706717.0
103122.0
164778.05587448104
81041.47617983201
7422.445133483847
1646927.0
231250.0
307253.0
5301736.485409043
2443628.5830224245
238979.07982647556
17037272.0
2266751.0
706717.0
2064084.6956554041
164778.05587448104
81041.47617983201
1646927.0
61132814.69732942
5301736.485409043
2443628.5830224245
17037272.0
2064084.6956554041
61132814.69732942
232422.7980435859
2991669.0
1088208.0
135529.0
159195.54958279518
86487.01273707041
7151.636123301097
1489338.5981426
208314.9687152507
302162.0
5172383.413715628
2898540.2004161174
232422.7980435859
26810234.0
2991669.0
1088208.0
2237570.3360843314
159195.54958279518
86487.01273707041
1489338.5981426
74874700.9908072
5172383.413715628
2898540.2004161174
26810234.0
2237570.3360843314
74874700.9908072
217539.85010512985
2991669.0
1088208.0
135529.0
148918.22199158906
73044.72793734501
6707.915972334596
1646927.0
231250.0
302162.0
4828438.2366808355
2441995.4257103996
217539.85010512985
26810234.0
2991669.0
1088208.0
1861439.3366109605
148918.22199158906
73044.72793734501
1646927.0
62086711.793794766
4828438.2366808355
2441995.4257103996
26810234.0
1861439.3366109605
62086711.793794766
388179980.2962782
25339635.18572956
110924.93981223172
32721920.0
156422.94424951266
37934.05079365079
111151751326.4868
248140470.46244854
18714403.722963065
21619483.91111111
71519503334.76346
142382513.20873022
25774571.0
125246.37799634002
8747852.794174654
56424.39032197449
39087.87419770636
35042077930.6098
113122408.26697916
21830030.54579138
7671094.395766926
26040880625.815243
387642628.6176543
25306504.788132586
120343.7236387358
32464158.000619292
178625.94666666666
38080.12222348964
110994897578.26976
288018725.9577094
20788540.384788647
27021789.680619292
81834206406.20206
19881060.75051567
1248854.693578476
6506.704339533031
32104222.926334552
186389.56899463895
40412.933333333334
5581300595.1687565
17445296.2615937
1136597.721480333
29432203.531257458
4806727487.69157
227064.02161006175
1599259.2576160433
154895.0
26210.020916361143
1451803.2576160433
227028.6969347371
103825.93675747115
1436719.6212524069
217145.211589781
1561528.4630515235
77853.2030605174
13044.0394862151
1311980.8382028888
204017.80100735027
53863.804510023016
1160603.29953887
39689833.70267878
51599.0
10642400.0
29590.88229148985
4538223.594084274
39474.63333333333
30591758.118893884
9522994057.744383
8821634.0
3988906.1222610436
6709099223.215611
111845131.92348176
198852.06944123167
32292125.64773385
63905.46995328872
9188162.105882764
41263.0
111845131.92348176
25497762998.709953
32292125.64773385
9188162.105882764
25497762998.709953
14555792.842322605
55330.25965364516
8446929.086775556
8581.126671740278
1392171.942949189
39448.50021174857
12996683.637972102
2698786924.291138
7463103.156083354
1231373.7443722982
2207305464.1238728
71303427.10119443
198852.06944123167
32292125.64773385
33610.841481876676
4860588.481307301
41263.0
71303427.10119443
15874483548.262863
32292125.64773385
4860588.481307301
15874483548.262863
10579269.333417995
202295.0
32721920.0
4560.381792268206
697497.263515785
41263.0
10579269.333417995
2500247795.5437922
32721920.0
697497.263515785
2500247795.5437922
21362309.0
173346.19298245612
32579980.0
20457.450757331862
1672145.0
38397.66666666667
7510420.614035088
5534225168.0
26016408.0
763766.6666666667
1847683348.0
600913.0
21742.408609185986
2653805.0
9344.138737242309
1666890.187764611
31423.775378267335
306042.0902214054
111247390.0
2346861.7323089554
305309.3500335198
40357889.62431498
21362309.0
202295.0
32721920.0
32066.0
1696948.0
41263.0
21362309.0
5549412748.0
32721920.0
1696948.0
5549412748.0
103122.0
207248.88599149202
2266751.0
706717.0
6400.279146698596
188545.86975783837
110980.39316044896
141772.85978966212
69143.8569252123
1622729.0
207248.88599149202
2266751.0
706717.0
4588520.067555409
2207092.262678951
17037272.0
141772.85978966212
69143.8569252123
1532619.8936429992
1763947.4579197597
4588520.067555409
2207092.262678951
17037272.0
55549642.74472171
1763947.4579197597
55549642.74472171
128820.45617255443
232383.17552888978
2938425.0
1042924.0
6776.37560140572
175905.58155864733
57093.38624947453
159371.21310788786
91437.25768159682
1594975.745155118
219945.60642981343
2829228.38397355
676219.8785723294
5179755.103954925
3064662.0067241574
25615329.999999993
150672.061028146
43006.039946096615
959379.7754874877
2375832.8833088363
4888987.517881614
1429400.9079979227
15441406.610249659
79514728.99568231
1012313.8267976862
33283413.28433004
132829.20359285374
258812.99999999994
2938425.0
1042924.0
7910.777758774927
227481.8817756749
74316.54119367008
177138.99999999994
97263.99999999999
1622729.0
256915.22155712245
2927807.51497132
901246.9341485511
5753893.999999999
3261120.9999999995
25615329.999999993
175403.88828079766
74111.10299689443
1343196.3598064892
2514648.0
5693165.089827919
2450769.6048913053
21081663.89275363
84181116.0
1773755.2959006221
58249871.35652177
133161.0
315264.03205306275
2938425.0
115860.67358251897
9430.366400955938
227358.39974181022
224839.72278891376
315264.03205306275
2938425.0
91846.54690622435
7463069.784241764
313603.31760168145
2022000.324474445
224839.72278891376
7463069.784241764
313603.31760168145
2022000.324474445
7409926.921797562
7409926.921797562
4681387.787517057
19881060.75051567
53854.55395455405
6611.503989192264
62353739.13856571
86072.06504525297
28408.638519678825
374105.8641929439
188524.4236037646
142.43808736450083
19373628310.01821
38432158.4573942
4294937.905211336
170644412.9431273
18168413.84424241
51803.91552348934
328164529.5673514
56982264.48457192
79640.52780507637
345602.93829929404
166524684881.7596
16707124122.108738
35239418.6437798
156495007.76878083
283786922.61013293
144494780167.82025
32614033.104390956
142148904.7647663
365272.2439256442
115399.0
20694518.439205654
61188.173679095424
12177.542065093312
222782.96480615003
54347.69137610721
109.51902938955718
70616349749.29623
211977035.49303433
24142840.966906067
800282050.3334033
105278436.80831876
245496.02289629515
124654882.97682673
17243944.29435505
48597.651804595764
168643.88602200334
517337384542.7501
46472752152.08785
141240873.5569218
492494320.0717363
95188732.5283225
320679872256.1494
393256332.0
25774571.0
391994.263569675
100974.12718170616
32426016.241049536
374105.8641929439
148792.31182309342
23265.15365560595
35496.32169813685
113.78880785541878
112699553418.0
1896528944.4009016
168631001.05637577
107813743.0460447
13688982.418350302
207574.33375369612
91748051.13151707
18211216.82271225
213532.30498113687
15346.368385047177
647249441724.0919
34810566795.4979
686185633.1465337
43925765.351300515
41370107.47854167
205748730816.854
22917178.156322744
311692038.11542666
19900293.428008404
63253.766577414965
20703119.623314194
1362234.1240845406
6722.694489056825
31970414.10005915
119639.00447876228
29100.009529175968
102320448408.57883
5973845631.222743
10443982.857144203
88374090183.3927
86722319.36429149
7371411.465815087
4893567308.898165
10052908.914711058
800167.9122763785
13213761.732273754
34348363150477.176
19905691447.303993
1458650161.7318974
11678216406.836605
1406568341.418642
3108426287559.123
311544.9379506021
312142651.77941924
19900293.428008404
109564.04866139662
285844.91315402056
19157.389901344035
133.8908582323065
32721920.0
202295.0
41263.0
1277925729.760554
74185182.02585307
311544.9379506021
88423557643.10089
312142651.77941924
19900293.428008404
62643423.59006861
285844.91315402056
19157.389901344035
32721920.0
403473113904.8569
1277925729.760554
74185182.02585307
88423557643.10089
62643423.59006861
403473113904.8569
5444645.002470699
384655375.57850707
25044226.32816615
114302.28565075608
4826376.076363648
318296.71867713536
1887.5354648894786
32721920.0
171683.56725146197
39213.791666666664
24492211925.54026
1430243362.6652606
4201208.027182106
110080870444.69803
259399442.26500848
19482271.699670993
1137278657.0623236
3631244.896657124
265848.50543065544
25697528.333333332
8259547295664.789
16086259106.738386
1053042109.6582487
73767252926.22119
783296318.733443
5651565067236.911
270322.17096086295
131671.74802657124
6588.278344839647
28177.811307112243
4063720.924437912
41263.0
221687.68908052205
131501.05214691279
22814274.0
6575.650119075668
9353411.380957475
4063720.924437912
221308.84230760267
245306.82326048997
22814274.0
9353411.380957475
245306.82326048997
82.99999999999999
64257.79491207415
5318445.484095041
9228598.46581541
32066.0
40535.0
1672145.0
82.99999999999999
168406.99999999997
213475.99999999994
5318445.484095041
9228598.46581541
1361983966.5351737
1672145.0
168406.99999999997
213475.99999999994
39865314.99999999
1361983966.5351737
39865314.99999999
133027.0
310149.86299866776
1088208.0
7424.100027304364
244919.0
9019470.672259359
62882.2136198567
554857.7261090402
40192.9650074156
250149.30250448303
753176.0
22241582.56517721
132872.54079696393
18862826.868692704
103454.29497236226
9460314.566033188
7321.629110036312
15830400.480896762
201457.58023853527
9019470.672259359
3514495.6455772314
250149.30250448303
246357.87856556513
786287.0
747152.0910815939
22241582.56517721
103454.29497236226
99457.92919890823
9460314.566033188
15830400.480896762
3514495.6455772314
3366630.1119594327
250149.30250448303
786287.0
103454.29497236226
3514495.6455772314
100945.34389520528
293466.39524729736
2266751.0
706717.0
19900293.428008404
109564.04866139662
8338.947075958376
124283.45375268585
43514.21889271356
214187.92936115392
517343.7447120062
1646927.0
40289.63941307307
277697.050976456
2227283.886176171
632551.4865913735
15384479.810989067
84634.51443555312
6881101.56631967
14549384.191520793
59105027.6120197
288380.28171017946
17037272.0
71826937.52657354
1866393.2182873802
56741420.99017124
585378.5540556429
19900293.428008404
193258.60467960197
238068.06849254714
985446.4089601252
14977109.234431308
6376482.549652748
7815874.187871553
58888142.719528124
277697.050976456
14724347.333983155
71826937.52657354
1862832.1413761391
55761311.98577201
537860.434021269
15384479.810989067
412803671.82847524
7109008.913507067
6718345.933131897
17590522.85555262
12377613.71117145
59105027.6120197
55095753.0
14058290.899339879
71826937.52657354
56741420.99017124
6040287.5954086175
197331351.71169958
6376482.549652748
6376482.549652748
7815874.187871553
7815874.187871553
58888142.719528124
33456647.943268754
12537711.058239913
71826937.52657354
55761311.98577201
510120109.07749367
343307016.45729625
7109008.913507067
17590522.85555262
55095753.0
197331351.71169958
197331351.71169958
6376482.549652748
7815874.187871553
33456647.943268754
510120109.07749367
197331351.71169958
135094.4456758398
315264.03205306275
2991669.0
1088208.0
25774571.0
141844.0
8662.281032322211
230709.4360464821
291540.1615328432
224839.72278891376
548543.4707436899
1646927.0
41263.0
288381.0441508823
2977763.261626873
902653.3035835859
20227391.60082657
111205.87209296416
7463069.784241764
18652956.32556717
65006439.585307896
315264.03205306275
26810234.0
73486895.0
2466846.0
66134661.0
897789.0
25774571.0
200260.99099263447
220571.0183370881
1416106.1918478499
15893418.31683744
6602814.171371989
7173920.49133611
64452340.84093395
288381.0441508823
20872483.71467475
73486895.0
2456620.261626873
63079067.345721886
761339.3035835859
20227391.60082657
541372530.7917116
7463069.784241764
7463069.784241764
18652956.32556717
18652956.32556717
65006439.585307896
55095753.0
21998419.0
73486895.0
66134661.0
5398299.839826183
174043384.0963175
6602814.171371989
6602814.171371989
7173920.49133611
7173920.49133611
64452340.84093395
47017024.71467475
17632028.71467475
73486895.0
63079067.345721886
541372530.7917116
541372530.7917116
7463069.784241764
18652956.32556717
55095753.0
174043384.0963175
174043384.0963175
6602814.171371989
7173920.49133611
47017024.71467475
541372530.7917116
174043384.0963175
101403.13183188935
320722.5583575407
2228344.2090000124
681355.1663032306
19577973.241911992
107793.7522009624
9990.854990521628
227454.58084405624
96077.79418498381
238044.6201142817
577397.0750777685
1618572.0505316835
41263.0
320722.5583575407
2228344.2090000124
681355.1663032306
15138790.534171404
83285.91639179194
7491766.199202534
14424939.904234422
60548900.98843913
306390.9536748448
16383857.564586818
73486895.0
1834499.7475672977
56976375.14072448
564659.2772490843
19577973.241911992
238044.6201142817
577397.0750777685
1618572.0505316835
16719718.653452314
7491766.199202534
14424939.904234422
60548900.98843913
306390.9536748448
16383857.564586818
73486895.0
1834499.7475672977
56976375.14072448
564659.2772490843
15138790.534171404
403374084.66458976
7897898.842333453
7133777.361131456
19629605.223764274
11811510.668390319
60548900.98843913
54147414.50724946
13529313.455840731
73486895.0
56976375.14072448
16719718.653452314
403374084.66458976
7897898.842333453
7133777.361131456
19629605.223764274
11811510.668390319
60548900.98843913
54147414.50724946
13529313.455840731
73486895.0
56976375.14072448
569412110.3469191
325696107.06406605
7897898.842333453
19629605.223764274
54147414.50724946
569412110.3469191
325696107.06406605
7897898.842333453
19629605.223764274
54147414.50724946
569412110.3469191
569412110.3469191
133161.0
315264.03205306275
2938425.0
1042924.0
25339635.18572956
139455.65096446988
9430.366400955938
189334.36841240962
106026.88533750125
224839.72278891376
548543.4707436899
1614279.3956841223
39657.80887049382
315264.03205306275
2938425.0
1042924.0
19920659.940165296
109538.57741382
7463069.784241764
18652956.32556717
62869079.5773123
315264.03205306275
25615329.999999993
70568695.59700152
2422568.190485707
63650818.37577197
861070.4306608023
25339635.18572956
224839.72278891376
548543.4707436899
1526182.2759752832
15893418.31683744
7463069.784241764
18652956.32556717
62869079.5773123
315264.03205306275
25615329.999999993
70568695.59700152
2422568.190485707
63650818.37577197
861070.4306608023
19920659.940165296
541372530.7917116
7463069.784241764
7463069.784241764
18652956.32556717
18652956.32556717
62869079.5773123
53953086.848944284
21039126.734043024
70568695.59700152
63650818.37577197
15893418.31683744
541372530.7917116
7463069.784241764
7463069.784241764
18652956.32556717
18652956.32556717
62869079.5773123
51196480.99876832
21039126.734043024
70568695.59700152
63650818.37577197
541372530.7917116
541372530.7917116
7463069.784241764
18652956.32556717
53953086.848944284
541372530.7917116
541372530.7917116
7463069.784241764
18652956.32556717
51196480.99876832
541372530.7917116
541372530.7917116
135529.0
2991669.0
1088208.0
231250.0
182305.0
4355998.228529794
28311.627281639852
1646927.0
39436.0
2991669.0
1088208.0
22428425.000000004
135529.0
26810234.0
1646927.0
22428425.000000004
231250.0
13874646.237843623
131930.29461496725
3833311.5242349906
26810234.0
2991669.0
2991669.0
1088208.0
1088208.0
21136141.000000004
1646927.0
1646927.0
21136141.000000004
12582362.237843623
26810234.0
26810234.0
2991669.0
1088208.0
1646927.0
26810234.0
135529.0
247267.7538545458
1815728.0
1088208.0
7616.284270663621
56020.0
93417.03040739484
14075.842622981436
167367.04318429827
88665.59411867615
440168.0
247267.7538545458
1815728.0
1088208.0
135529.0
5431244.033986906
2969998.855554577
14777869.0
167367.04318429827
88665.59411867615
7616.284270663621
440168.0
56020.0
72158.06066887561
1727355.4444633832
5431244.033986906
2969998.855554577
247267.7538545458
14777869.0
1815728.0
1088208.0
57269953.178074524
1727355.4444633832
167367.04318429827
88665.59411867615
440168.0
57269953.178074524
5431244.033986906
2969998.855554577
14777869.0
1727355.4444633832
57269953.178074524
133161.0
249460.89860594008
2938425.0
1042924.0
7678.919974964215
220718.66222582196
307253.0
63312.9236704465
171108.8151177548
95595.58343720892
1566130.6491063093
249460.89860594008
2938425.0
1042924.0
133161.0
5556037.103402497
3203153.629974912
25615329.999999993
171108.8151177548
95595.58343720892
7678.919974964215
1566130.6491063093
220718.66222582196
254760.97992607084
2478905.4942011614
5556037.103402497
3203153.629974912
249460.89860594008
25615329.999999993
2938425.0
1042924.0
82942349.44103752
2478905.4942011614
171108.8151177548
95595.58343720892
1566130.6491063093
82942349.44103752
5556037.103402497
3203153.629974912
25615329.999999993
2478905.4942011614
82942349.44103752
