58148.0
15824741.700632457
5940843.656475951
6034399.516494958
14177677.557223113
2741118.040266132
64899999.69182624
9218.0
69952641.0
52121310.06346994
7739.198726442782
54150929.5919677
138652.0
3030036.0
236464.0
3030036.0
5515190.070594747
159432.05624830577
4966.457938909333
5515190.070594747
26547819.013213113
65920.54265447092
23470.492361202625
4135106.806750031
268735248.0
59732.66112361186
94195.2598025735
2065733.053526335
16087975.30137624
78165.7174986274
23959.0
3710526.422222222
15970292.12429281
40929.0365429955
15240.656262181763
1077243.5569547354
15574542.827149676
123414.60172607978
57182.0
15574542.827149676
15824741.700632457
54812.37599490549
45868.42560187221
1776450.0573890158
82.99999999999999
4364175.402871607
539812.9428805552
9218.0
232558.62287634308
203093.0
203093.0
9218.0
77481.51056234827
9218.0
229313.18248800427
69268.65174926937
229313.18248800427
282540.0152427533
28358.754261191458
27416.44729889709
4380423.211899865
28951.0
77033.66500217718
4347859.658080878
1845630.0
24512.0
50405.0
1004253.0
6631.975007619438
88.39715764286166
50405.0
4094.7395046155316
136253.0
283964.0
899925.9131306382
9218.0
241373.1112287188
79592.5138656866
283964.0
899925.9131306382
2280968.6525225528
79592.5138656866
2280968.6525225528
134699.29755673584
309282.0
10551.0
74592.12321076129
309282.0
134699.29755673584
10551.0
309282.0
52112758.690501764
13794792.337661995
49259.69383879972
4278834.045642176
39789.897128017335
19895.9556568338
10690575830.632738
1684095.814419619
2277145.061836049
753177.3556926352
151631545.9588156
270050.0
5369226.953963837
77602.58665239415
58148.0
5792857.0
260213.8985490528
5369226.953963837
5792857.0
47687.85328006754
479674.4240046782
4353.180408864486
50688.54688476737
3758708.133182368
32843.29892176886
226232.17612648354
1276490.6579908156
2951790.266590212
1845630.0
29048.0
2351258.089489493
31620.28951185588
58148.0
403506652.97833085
2951790.266590212
1845630.0
2351258.089489493
403506652.97833085
4309562.856585205
1769876.3455875395
27331.430489746053
5036088.448722674
74018.03569942924
53374.3799877363
721824201.4435587
3105028.023160331
1468958.4959262009
3866649.40049698
365750504.4555484
240652929.79785988
15789936.285840789
74790.97166753773
13111279.194611609
112871.60079932738
22751.547465510906
53284519061.672554
4310490.654902407
3348358.6961154575
1472192.5498978412
419150926.9251026
268735248.0
81943.9111812441
40736.67024516183
72778.40032549847
39592.61499320419
76.99426921953683
309294066.9848953
751514.9922454677
6272.183717135024
2264.0400845010613
284783.91486684646
4247488.191802506
2946230.9354707254
22724.718973024854
1845630.0
28951.0
57969.0
644739991.6943923
4232725.798681963
2928120.3707145946
1834087.0
642983266.9130476
72730.81416165108
15919315.518515816
99474.93631152083
8962.454948227001
127.9269126257892
56173.331108525
14606816.287079258
39934.08879285267
7117330.086164462
6732.9231700236405
4265889.438523077
72348.41159032358
15919315.518515816
56097.05818515138
8915.881750650417
107.18158656757757
47105.0
14530049.467812184
16785.562455830026
1853187.8901839885
4332.447750128061
1050952.8888868392
283986.0
3026396.410674737
938075.0
203093.0
81504.0
1322672.055567752
6252216.0
2301995.0
20936292.266868424
1800614.0
51423513.0
5834333.321340965
15464428.533407025
122694.5237744252
1162073.59750849
32484.212483399744
57070.858461641794
609005320.2926149
5834333.321340965
15464428.533407025
1162073.59750849
609005320.2926149
104143420.6085014
15667728.638483971
54503.22368766118
8182061.018482418
24144.980066457578
47048.68624491887
27795571417.184845
2589310.3801369416
1767031.245698586
780940.9280786023
126330558.82770687
9686.157607295943
40530.38316406297
5242360.911390189
46164.97459572287
9637.635949062542
5792857.0
948754.6782897167
968282.3910615973
5766.157458625517
853.6401976678043
122552.35829750994
44008.82044432017
5021.082753723884
1114496.4262328309
26258.687184916063
211522.9723720008
236464.0
1463582.0
172401.84812743997
35971.99412581921
1463582.0
236464.0
152370.82541815704
1463582.0
1968343.8398288935
32497.0
1182101.0
57006.36473711871
5397670.4793943595
52448.22222222222
1704690.9999999995
181116375.3800012
1096797.0
1968354.3621077817
134334737.99999994
11177782.544148352
100586.43327256119
16565576.302745532
10249.291163870103
1231505.3918722714
46356.88441210304
489113.35305488063
2704529676.1786413
1126343.7933282075
321833.0585829776
25390449.48461542
5282641.0
4806.574729979847
5641049.031256265
11189.28115663505
1840030.0208274038
9468.840975503983
168569.72251178924
837629711.2714031
97425.93959440276
233134.3166965046
4007234.917407089
131766.51829158416
252551.8443411925
2977166.659437623
902834.0
7829.626851037765
178599.15852693957
55637.61665234709
180995.2311707635
75441.73900779683
1418333.2574918868
242807.61548774765
2873277.944049366
663900.9928978501
5565924.387358025
2119661.6548292562
20260432.485940576
173058.28082908376
44914.90926706072
942083.0100254209
1666853.2633007718
5360784.172062894
1369603.9087577485
14874782.232482534
47408059.821442455
1035887.216300645
31324809.187260084
31232042.51704952
6165163.0
16207321.842323016
162136.0
1825980.7166048621
3092091.208454471
34408.73197810529
1804024.447468563
33022.0
29010.521972296643
1509492507.369539
6657787333.367205
31232042.51704952
879704201.6377649
6165163.0
16207321.842323016
278686562.1648004
1825980.7166048621
3092091.208454471
1804024.447468563
253199881490.21448
1509492507.369539
6657787333.367205
879704201.6377649
278686562.1648004
253199881490.21448
490016.80169510865
19952518.94688505
16087975.30137624
41754.32712112546
39180.0
90459.0
200.0
1845630.0
33125.0
15284.0
133573213.32101218
105006913.18764588
18438.0
3442499004.5578947
933460.2399408438
1083931.0
9611339.0
5729.0
24442.0
372050.0
26449816979.86597
640049.0
2480662.0
32604212.0
742908.0
90369040.0
9880531.693155343
4316210.198217361
2961484.926749893
16764.905778469445
4343588.520936195
5239850.5332769565
61820.167598529886
1830960.5728406578
26701.76560648049
53155.91101810658
2297236751.104989
2454459648.074393
2492201.246364248
641517150.5647777
2858068.128860543
1069746.7946634507
733970973.3827493
2274178.12693143
2525108.469631881
1287019.597146963
573977917132.9525
519829232.90637374
265166148.57951534
228973255.10249245
205645003.71092302
57805961873.048935
694429.0751261944
4318255.227846084
2998936.171779207
8244.79325685089
326585.2519902741
156867.9863205412
1036.63596140389
1845630.0
16279.983982318226
38510.13868010865
148903739.34594163
118002929.76957941
98616.397734959
656029020.4091511
816998.7307931469
222266.2033682302
35166420.39533894
116272.47109326835
29218.443465072633
408451.07395084214
26061733675.316105
14333361.798912078
3665030.7013469427
25781081.413160834
3799604.370961039
579342510.4114399
32256550.419919748
67813751.72710472
19451774.289000023
73575.60272239149
11296787.619469084
2662911.4479170125
22546.46373566481
5573653.792003524
48899.92857142857
47028.157849820695
36266901063.21372
7777032865.469656
2628644.897963756
16615455277.545834
3944177.152720918
2470301.6030025254
1924638215.6183767
1080891.2305496973
717316.6192605463
1342914.02486576
9736213158426.672
254032602.18732604
124207217.06018804
192218515.3215688
52468262.82332975
14900362848.458261
1155995.749390817
268735248.0
20120046.43131729
79014.3001592604
876520.8298518634
88556.65548535637
729.8796840986835
16639359.439438235
125099.34942924036
49041.7970704405
5094184043.017584
309619633.778137
125229.53382207284
82498586852.20763
5002405.265350883
2852516.6456386056
226633044.04498595
56603.02760623269
29172.47512500227
1619566.8024137286
1803246374510.3337
22161089.155015
8415474.48763793
283361099.7631416
4155585.829830309
2145950566.1742003
309282.0
136030.0
10080.0
35069.2535872945
2697142.005328199
58148.0
301317.0
136019.43396226416
5792857.0
10051.924528301886
5792857.0
2697142.005328198
300334.358490566
305377.0
5792857.0
5792857.0
305377.0
267945.51589009457
9725.837046097131
1723.801465773527
394.3070661767508
28610.524654428307
56446.91547638521
53824.8174863861
7792.647246449881
573639.5142419001
1531.055635825798
118660.30428958926
24063.226563218144
47821.871098753814
134492.65198950548
471562.3340302011
95357.45907683895
133794.41479842647
82.99999999999999
50936.0
55843343.0
5294440.950218251
123128.0
49279.68505189083
16498081.764579196
82.99999999999999
3616033.9999999995
286463.7395018826
3201618.0
1505636.136315531
12924495593.578358
1954934.9862072563
321043.99999999994
109642.99999999997
881232643.4218132
221166656.9550509
33743234.99999999
82.99999999999999
78285.0
4394710.0
5398032.0
29048.0
58148.0
1845630.0
82.99999999999999
540067.9999999999
289552.99999999994
4394710.0
5398032.0
766564159.0
1845630.0
540067.9999999999
289552.99999999994
64401744.999999985
766564159.0
64401744.999999985
82.99999999999999
62309.21008621009
21872.949790197097
5330153.0
123.82570617801733
52702.86716986717
8950.460692412411
82.99999999999999
6768.6673477696895
287944.99999999994
11003.905897758246
2370068.0795130795
3828379.734355006
6113.258293757159
5862.235306725661
122136.47619047618
611850.6296718816
1008989.4177485491
404659.5941528678
10551.0
29553379.000890642
4303850.111182639
5313951.01020586
75789.09769785343
8737188.777018726
8311594.880631636
61095.11081394939
1805331.6312017925
28087.222095346806
56652.47607552282
29648176.64987077
4314303.799484188
5713154.0
10551.0
6892559481.417715
6580953506.444347
24508294.51136519
743198415.1727934
3808577.181607728
4735273.528691671
1791635640.6008706
7515221.896450523
7095619.922422417
1700060.0667676572
6925323013.82097
6611478752.972937
24569981.159368657
746276918.6797593
3816032.6310097957
5130384.865975967
1820837863988.3474
5032288978.425548
4939973664.433992
587807781.1190319
1425102402.0553894
1830778095479.5256
5054272535.510987
4959384657.351725
589931544.8710475
1234770643414.9893
1241279400628.6074
9686.157607295943
2013590.7304710136
960364.9163504093
492297.2424187546
4102.956832169741
5192306.497369924
5678080.0
51496.621384003556
1810404.3339867324
23540.043714602423
49793.362645394256
17653126.642860234
4056895.0365382945
4835854.889173554
9686.157607295943
422542421.98235315
370802181.76039094
411463.7130637707
108744005.17073223
607186.6422508786
183523.01727639275
830397752.2362905
1708910.831976147
1623427.927133298
924478.1674171606
2917033850.2348723
3230703184.6467524
2207563.4741432564
684020103.9076244
1292654.4325065324
1256341.185958255
82835572795.54828
85291478.74915285
35634979.1168956
36192544.9494361
115562203.95411333
677020490682.3018
201048347.64825347
135450992.40024447
82074684.19312894
7387338900.641572
17106188817.233955
138652.0
309282.0
938075.0
10551.0
307253.0
5398032.0
54244.71042217815
425807.99999999994
51564.57188661689
309282.0
938075.0
5792857.0
138652.0
9993659.999999998
425807.99999999994
5792857.0
10551.0
5792857.0
205861.3004276108
1679768.2654024381
9993659.999999998
309282.0
309282.0
938075.0
938075.0
1692529.2654024381
425807.99999999994
425807.99999999994
1692529.2654024381
1692529.2654024381
9993659.999999998
9993659.999999998
309282.0
938075.0
425807.99999999994
9993659.999999998
132440.1701719312
270691.8535515408
899925.9131306382
6878.630206415084
67294.85852756543
895783.4844578222
9750.860657173216
368458.05758075934
56400.0
207878.60388383304
678444.6671731308
5792857.0
132337.0655704899
8638846.268827712
70464.40987047358
5547929.405745535
6832.43145769743
4814140.7571247695
55164.36575605895
654825.2458947205
2013037.0602510097
221749.78987557013
206947.28929661022
739756.0
675711.7666112732
4082143.9999999986
85890.82288702962
69130.5264759846
4016891.4085856667
3475164.457781541
2497772.6720924517
1985643.516741348
221749.78987557013
739756.0
85890.82288702962
2497772.6720924517
6845.299301060863
79808.0
64794.0
7472.065980051842
28620.158426023198
394189.5122476703
4653.078301110401
425807.99999999994
58148.0
67563.80487659041
45184.42946581532
5792857.0
6837.339634853453
1913581.0
71324.83989701318
3666648.7478590384
7432.353350672722
2340107.06858433
25411.59294885659
394189.5122476703
614148.309167613
70716.0
67347.03432926696
49112.0
44912.699152812944
5792857.0
120716.0
70313.05952924027
3666648.7478590384
2340107.06858433
744182.0
606672.6838326724
70716.0
49112.0
120716.0
744182.0
105396.2641509434
265638.4775911636
633201.0
8721.055437682338
146903.9361362452
2707443.15531195
24987.862888595802
368932.3445200544
51041.8381950398
255907.86230020874
608717.9056603773
5792857.0
105372.48814390076
7854028.866419434
201489.52025180194
5792857.0
8637.176735506906
5731325.453233989
88027.88821856295
945410.4459988177
5607696.2669571005
263334.47759116365
253696.69364524394
622953.0
604675.9844631299
1560418.8261056887
237561.65166501145
188741.42008900127
1560418.8261056887
1560418.8261056887
6870220.866419434
5231797.595613082
263334.47759116365
622953.0
237561.65166501145
6870220.866419434
78527.42366565688
276929.09968806326
2976235.259585318
15791616.184952315
159432.05624830577
6274.689107604619
121358.19943406974
198135.0719172788
28466.68097972828
195033.8622999774
1653183.2944291595
12484904.343413055
73951.4500003214
6098779.653770301
16214713.40713196
276898.75486047706
6930030.819099205
2785133.392255227
15791616.184952311
136676.5686495839
4238458.422634337
195033.8622999774
195033.8622999774
3804695.0929953414
1564459.8725532389
12484904.343413055
6099131.653770301
6098294.136528921
16214713.407131959
6930030.819099205
4238458.422634337
4238458.422634337
16214713.407131959
3804695.0929953414
6099131.653770301
4238458.422634337
99951.05796069387
280631.8067464257
1708223.9899441774
14054786.045719694
64604.52588211996
8648.699591726585
53924.21775999534
200599.0
24246.42571593253
269862.4369827255
1648938.984567959
12338548.971546944
49509.855475241326
6166446.795451292
16528314.0
269069.2194443926
1761409.0
1102363.48534624
4021339.1085941717
189856.38332200618
5928140.439392283
269862.4369827255
262990.87575855496
1680790.7980826898
1075045.6069576794
3947316.9992838353
6186599.0
5934746.325435799
4025777.638020267
1761409.0
5928140.439392283
5784301.558663426
4025777.638020267
1680790.7980826898
6186599.0
5928140.439392283
134625.59999999998
283964.0
1894910.8147036377
15770687.010017768
159431.9110659838
8981.279999999999
62291.39513623655
196090.60794602952
28429.818209648998
277718.6
1886835.4041535687
14011289.222537616
125808.92292495271
6079688.115100499
16192576.15941489
283765.14056851063
1940758.2754953988
1848092.5528754
15770673.172041392
194704.60419636872
6037609.984661931
277718.6
277589.771205159
1932682.8649453293
1840017.142325331
14011277.117462914
6079688.115100499
6079688.115100499
16192562.028089471
1940758.2754953988
6037609.984661931
6037609.984661931
16192562.028089471
1932682.8649453293
6079688.115100499
6037609.984661931
30318.774683306692
250255.43771962269
1042158.0
14054786.045719694
43073.33953275878
2878.272750142415
11141.90850331523
165520.6490477206
17674.63192126658
84907.13046476578
331282.8847487961
7289069.365772871
13053.68100678744
5139506.844206732
16528314.0
224834.86224966514
1042158.0
702855.7695859686
1539159.0776549433
68575.2823655867
2049257.8911120174
84907.13046476578
84071.36408099034
331282.8847487961
303565.2668415968
1366471.6505921467
5139506.844206732
4836121.972650278
1543597.6070810384
1042158.0
2049257.8911120174
2024184.899598754
1543597.6070810384
331282.8847487961
5139506.844206732
2049257.8911120174
138652.0
309282.0
3030036.0
938075.0
20258982.0
10551.0
236464.0
302162.0
237012.0
425807.99999999994
1461326.0
309282.0
3030036.0
938075.0
16632540.0
6942318.0
9993659.999999998
309282.0
21027282.0
7323331.0
23241663.0
237012.0
425807.99999999994
1461326.0
8837222.0
6942318.0
9993659.999999998
309282.0
21027282.0
7323331.0
9213354.0
219555719.0
6942318.0
9993659.999999998
43678842.0
8837222.0
219555719.0
6942318.0
9993659.999999998
43678842.0
219555719.0
219555719.0
105181.81287529795
276252.76064113097
2301976.0
633201.0
15919315.518515816
8546.129322500568
234916.69250638827
142945.17530683824
217555.2998322019
391269.9126831101
1461326.0
251430.4687825184
2293660.0120095345
582275.8489039015
12690074.331186246
6182279.702374898
8090619.129453728
283854.2179955533
14248163.0
7323331.0
23241663.0
190756.21958450606
139969.03000257682
1275344.3905091216
8113044.443861732
5574560.362899296
3829507.8191683106
253682.54179111577
13056226.164924849
7278762.196169602
4394161.713684442
177770901.8508839
6370131.835064806
9160478.373038068
43678842.0
3068207.483918974
82610367.92175055
5617349.750062646
3910582.447477816
38729529.08025949
201126799.73057306
84150785.85963115
80935.91218249
309282.0
2978320.0
899925.9131306382
19815484.4705843
8950.42775165473
58778.85524181996
17556.723809788324
237012.0
412811.3327764784
1438792.0554627464
266949.3837582059
1809187.652515742
525933.4584261845
16160000.409715125
6942318.0
9850696.66054126
309282.0
20242736.61009021
7323331.0
22936064.567910187
201022.0392542337
132239.92165710492
399518.96214418125
8629275.324423654
5949929.161849229
3717825.1818728596
266949.3837582059
11917946.022740934
1819243.0993858324
532199.9586904687
217268305.5686602
6942318.0
9850696.66054126
43430968.61009021
2969415.3949831235
82052510.00816259
5949929.161849229
3717825.1818728596
12047617.953739317
217268305.5686602
82052510.00816259
138652.0
309282.0
1959863.0
813318.0
20258982.0
10551.0
65305.0
33063.0
195732.0
414287.0
326819.0
309282.0
1959863.0
813318.0
16632540.0
5902724.0
9866928.999999998
309282.0
9911098.0
2025907.0
23241663.0
195732.0
414287.0
326819.0
4319831.0
5902724.0
9866928.999999998
309282.0
9911098.0
2025907.0
970724.0
120272937.0
5902724.0
9866928.999999998
9911098.0
4319831.0
120272937.0
5902724.0
9866928.999999998
9911098.0
120272937.0
120272937.0
105481.83333333333
297619.0
31562.0
633201.0
15642670.686940793
10212.0
1024.5
300708.6666666666
12628.0
425807.99999999994
10897.0
295491.0
31534.5
623735.8333333334
12502022.536852531
370210.0
8378763.0
309282.0
302006.0
31562.0
22662675.77196113
12388.0
281055.0
9829.5
312914.0
367570.0
7470107.0
305553.0
290263.5
31534.5
9208147.5
6909488.0
370210.0
9993659.999999998
302006.0
210434.0
5782208.0
367570.0
8401376.999999998
290263.5
6909488.0
5782208.0
136000.94339622642
309282.0
2975958.574285931
63197.0
19952518.94688505
10002.792452830188
221045.30273918726
2054.0
237012.0
21685.0
46502.0
298614.7358490565
2970677.329002912
63164.0
16339716.876728773
6942318.0
647636.0
309282.0
1428260.0
6860692.480192604
23209196.02339276
227081.43396226416
21397.0
46454.0
486989.0
6731068.188679245
644468.0
298614.7358490565
1427732.0
6847128.031373497
63164.0
14552194.0
6942318.0
647636.0
1428260.0
482381.0
14501506.0
6731068.188679245
644468.0
1427732.0
14552194.0
14501506.0
137569.90854282363
3030036.0
938075.0
232790.12445224338
77675.07047148881
1412422.1033063906
18480.097637017694
1463582.0
58148.0
3005309.686753254
813116.2360088846
5792857.0
137372.57991408126
21027282.0
1231525.458526504
5792857.0
230596.85302809774
5062575.474736442
67917.52495076135
1412422.1033063906
18262904.713797234
3029108.0
3002497.6260016803
913309.0
804591.878791464
5792857.0
1415694.0
1201496.9575201324
5792857.0
5062575.474736442
20631026.0
18111896.204649
3029108.0
913309.0
1415694.0
20631026.0
103612.07803303521
2263620.5871016877
612994.8142755516
234263.02638003608
122830.30248756273
2429660.03870992
17709.552736014826
1463582.0
44049.81776091759
2260439.52932709
582890.6029451987
5792857.0
103424.7267483198
13803286.529386751
1263245.0469978822
5792857.0
222137.27694455016
5617149.330480059
58368.99786496142
479084.29636530514
13187639.949084505
2263329.27675686
2256058.632877387
605220.4694479653
567844.4088165008
821135.1882331043
1415694.0
1074518.9970487615
821135.1882331043
821135.1882331043
13678897.01214537
12814620.0575006
2263329.27675686
605220.4694479653
1399746.425770684
13678897.01214537
138212.6242000069
1959863.0
929974.0
65282.90993703797
73920.32484687277
1272371.1850986672
8683.746400697464
345939.0
40393.48826619537
1959377.847796329
857211.8257339522
5792857.0
131206.4497267044
10371730.0
339099.6892964557
5792857.0
65250.41315671871
4928466.963097902
32936.318921795435
220970.6682550697
10255330.125375949
1959731.0
1958306.0787908335
913309.0
731240.6931360697
616926.2444139016
340815.0
334979.46838370734
616926.2444139016
565115.0159182397
10315366.0
10115256.346687524
1959731.0
913309.0
340815.0
10315366.0
85912.06486301386
3030036.0
813318.0
63532.73139494073
19975.16320019299
218917.91131502605
2417.4993669531036
737349.0
56064.942884903525
1921696.915655471
573569.5832772485
5231429.543422569
71877.88289407642
18427817.0
454728.6218934704
4469087.837735082
52329.13806408276
1681706.8447513864
16733.540079226597
167583.33857964986
13015805.30386035
3021694.0
1609026.0318696927
739979.0
498090.48076571495
4071861.7224146016
667629.0
381212.7924573512
3435108.1462038606
1252501.2742704577
16910653.0
11276672.686170647
3021694.0
739979.0
667629.0
16910653.0
131132.0009876195
3030036.0
938075.0
131263.63827625953
57926.31354924393
485643.5428788363
5596.1359658784995
1463566.0
58148.0
2902196.016789532
923035.001975239
5792857.0
124202.89320616484
21027282.0
1125577.5412190775
5699702.372539623
116840.74770426902
4271294.9614386875
52481.95160917528
485643.5428788363
20771602.033579063
3030036.0
2771779.3283095704
938075.0
905443.9371129093
5792857.0
1463566.0
1053596.4892768478
5699702.372539623
4271294.9614386875
21027282.0
20426987.7347707
3030036.0
938075.0
1463566.0
21027282.0
104695.89483073333
2301976.0
633201.0
188938.3552240665
76225.71168897043
924555.1747227428
6420.046586612528
1461326.0
44224.0
2283871.2779712044
554480.313928037
5713154.0
104622.4349382666
14248163.0
1107742.1899196913
5713154.0
131916.16883870872
4987896.2439498985
38776.68091476039
206301.40363146487
12499314.06238994
2292738.0
2282147.4156574393
579481.0
551027.1614531861
880902.4
1296584.0451043579
855237.4266667613
880902.4
792081.5727002274
12966791.0
12418906.434636042
2291823.9022775525
575641.7895657208
1276395.8947828603
12909202.843485814
32002947.368933067
148603.85672957374
34236.401308333814
25996841.535411354
52828964.24658073
125425.23242697808
77089.9797772421
52828964.24658072
264248551.30388087
74148.51266035796
122090.93254923608
4132802.8925543707
268735248.0
78475.03867953597
129298.07416539057
4837527.209866084
15791616.184952315
157915.09275472705
28371.21496549984
15695046.948018411
15929932.387802586
162065.15910477616
28460.134127926347
15923169.48989119
633201.0
58994.49702267039
105504.0
307253.0
254571.53781899236
633201.0
45148.76927267311
254571.53781899236
19948675.30037354
91771.95396417918
52472.0
4461467.161964803
15574542.827149676
123414.60172607978
57182.0
15574542.827149676
55579037.07786554
117871.17026681878
48264.927489143956
2267735.826252927
51530613.65817422
187972.16024542862
73347.52191629754
28380065.57954724
54544738.4802407
150242.9196911869
59168.848425746866
6516146.107556939
236426.0
38204.206711082006
236392.6666666667
3313835.8873845562
29048.0
39895.98215497905
3313835.8873845562
4394710.0
27885.85967723684
74064.0502877631
3162206.764224471
3030036.0
938075.0
138652.0
1461326.0
236464.0
302162.0
21027282.0
3030036.0
938075.0
1461326.0
21027282.0
2254580.9143723445
608123.3018520921
103363.09379001954
1414207.9219576514
232250.7173229135
245382.0
13696576.097174164
2254580.9143723445
608123.3018520921
1414207.9219576514
13696576.097174164
2639186.7194503746
16087975.30137624
157854.4418881836
414158.45494176366
2382.2180330216606
28949.31611062229
588485384.7577202
2622383.5578725473
15974107.233395698
412794.1154949812
586292519.8392141
33946935.19054727
15929932.387802586
136089.0
3145582.5019108746
34678.11424334641
27331.430489746053
7001719777.8090315
18568901.763727754
9130595.046859793
2576395.160650078
2497006207.7723875
28693107.51770666
14177677.557223113
53428.36768324682
3144630.84545229
21279.09620809813
20719.0
5798438748.731369
1986327.932934261
2439439.1911538807
818550.0
173191715.21961686
135418.1633177787
938075.0
129263.85769998778
33684.132489823096
717037.0577730224
135304.20713023818
112803.41931110685
713870.7310289146
103019.859375019
612994.8142755516
258493.80206137247
74115.29701032661
541439.3704912483
103009.48040643585
244046.08978073223
540961.9379364228
158829.2451629944
2741752.04395563
35751.72332856145
57182.0
5682631.191837161
139755.99087116722
2741752.04395563
5682631.191837161
3195114.1103648553
1845630.0
24970.999999999996
2805590.3871122613
26896.654182295973
51317.0
461292492.4537352
1610501.9999999993
1077233.9999999998
1121498.4178774713
126875762.99999991
264680833.89723456
16228782.0
71179.88517375995
14300480.952645065
108972.97835357083
22357.049187911325
60446765559.06826
3594608.326715243
3051432.8343208074
1305212.3417138606
341233671.3351973
204406919.2450499
14054786.045719694
79473.31023362363
14455743.999999998
159335.58381379573
26331.64935064935
47831362671.18041
12254735.75194213
5760717.548495983
2790858.116883117
1527626247.5615735
67749056.08300316
16073359.21807104
64410.60427564085
5282641.0
43368.40889895664
21913.037794006807
13745681031.465324
2858392.333508636
2938713.560951116
1238366.199419534
318231866.03466594
996283.6784091473
2881778.6372408904
22781.325997159176
250941.27058450883
4152.6287654367425
56673.46787917359
122644963.14457838
996283.6784091472
2881778.63724089
250941.27058450883
122644963.14457837
4247488.191802506
2946230.9354707254
22724.718973024854
1845630.0
28951.0
57969.0
644739991.6943923
4232725.798681963
2928120.3707145946
1834087.0
642983266.9130476
247458.87157057444
2301976.0
633201.0
105504.0
176204.76844046926
61539.29087584983
8021.168673648386
1461326.0
236464.0
302162.0
5434603.64724526
1734794.5890037338
247458.87157057444
14248163.0
2301976.0
633201.0
1365004.008348039
176204.76844046926
61539.29087584983
1461326.0
38939285.340154976
5434603.64724526
1734794.5890037338
14248163.0
1365004.008348039
38939285.340154976
264683.38949044544
2301976.0
633201.0
105504.0
189703.40679749963
69668.27960501082
8613.869116873626
1463582.0
236464.0
307253.0
5829393.662359171
1921362.326732981
264683.38949044544
14248163.0
2301976.0
633201.0
1547651.4677800895
189703.40679749963
69668.27960501082
1463582.0
43407814.113317996
5829393.662359171
1921362.326732981
14248163.0
1547651.4677800895
43407814.113317996
254428.63694074494
3026510.45061112
938075.0
138652.0
182019.19279535126
72468.19123070716
8257.328213677742
1324206.2275002128
212964.24087311822
302162.0
5604916.563180072
2043123.9577132948
254428.63694074494
20939143.265278004
3026510.45061112
938075.0
1606151.4106529003
182019.19279535126
72468.19123070716
1324206.2275002128
45814907.19921465
5604916.563180072
2043123.9577132948
20939143.265278004
1606151.4106529003
45814907.19921465
240791.58509547744
3030036.0
938075.0
138652.0
171923.19918993945
63008.21487360684
7807.608062711238
1461326.0
236464.0
302162.0
5298930.334480092
1788211.8894516826
240791.58509547744
21027282.0
3030036.0
938075.0
1400618.6804887224
171923.19918993945
63008.21487360684
1461326.0
40119654.99306881
5298930.334480092
1788211.8894516826
21027282.0
1400618.6804887224
40119654.99306881
264248551.30388087
19952518.94688505
66202.07429885815
16887013.0
104742.1034790082
46759.32334113674
81968919914.99748
2993916.4180459864
2047391.9045290577
1178803.1896024952
140672115.20811123
65408088.078118235
20074318.054999813
83351.68918824117
5393258.95976603
51808.68044041494
49963.39388625391
16272870319.970795
6580911.332225563
3382723.6098192427
1832372.2284051576
498367370.5583014
263836050.23630178
19595388.114581548
79409.01732009371
16334294.570049327
132057.04780195325
48975.60538468114
79859235061.3513
5437856.000251775
2969290.1829136303
1734534.9580069487
333538949.9570888
12674947.739331033
1008536.7029579201
4849.546066411374
16628891.509803746
137970.8179123127
51636.666666666664
3919910753.493205
711787.9197488576
267413.4136761143
2167246.9333333327
71543529.70737602
232098.56113057773
1416135.930551475
151171.0
20017.69012339059
1341372.5880777324
229535.60480192298
73178.69971643035
1258508.2443994575
221286.48482567223
1386938.6464018305
76614.84747301938
13276.781500612764
1213793.619828492
203843.63099671053
50259.43733919059
1026960.6383165396
18487975.80430786
29987.93333333333
8598281.0
27021.635604721494
2902202.535555265
49657.48888888889
1789541.5302123704
3777193582.6874714
1198789.1999999997
996502.6414217586
124567723.27895328
54719954.510254204
231122.2911017266
16709208.169143941
76750.23417486207
5370991.403193223
57969.0
51500913.9145041
13008929058.792187
15752200.164083045
5301475.85400455
12658420173.747555
3715575.3957696822
47933.03225520953
5236052.667790001
7563.464388456505
937506.2694280236
49203.4238630271
639506.6992655357
667465195.0265588
1539588.122175507
316824.0953215211
50493274.29526818
28800637.746755082
242114.27232386926
16709208.169143941
40681.90036772229
3115483.422092066
58148.0
28800637.746755082
6968155743.796838
16709208.169143941
3115483.422092066
6968155743.796838
4754315.335191524
234698.0
16887013.0
5467.814603078141
476924.0788908083
57969.0
4547006.675206572
1258074242.2750156
15918763.0
473169.17317723
1233404511.7368064
14184258.004168862
124282.63058365493
16642534.0
22926.030874169766
1805331.6312017925
48825.95814133261
1527630.0687292176
3292635277.565149
1591996.150070876
860591.4309457076
95859622.69026831
1782645.0110226325
19272.200246449178
1179131.0579367839
13244.109014526986
1803303.992772211
32353.298842273383
246818.68144600227
138205155.4837274
337164.17788874556
294536.337463561
6384721.461160651
14455743.999999998
246308.0
16887013.0
29048.0
1845630.0
58148.0
14455743.999999996
3390758454.9999995
16887013.0
1845630.0
3390758454.999999
105504.0
230850.39797302446
2301976.0
633201.0
7479.532562600666
191655.669451026
103267.94183508048
164361.989083619
59270.899903731355
1439934.0
230850.39797302446
2301976.0
633201.0
5071896.408340896
1666475.7025094344
14248163.0
164361.989083619
59270.899903731355
1344414.7839724745
1312709.133717974
5071896.408340896
1666475.7025094344
14248163.0
37380223.6931886
1312709.133717974
37380223.6931886
131766.51829158416
252551.8443411925
2977166.659437623
902834.0
7829.626851037765
178599.15852693957
55637.61665234709
180995.2311707635
75441.73900779683
1418333.2574918868
242807.61548774765
2873277.944049366
663900.9928978501
5565924.387358025
2119661.6548292562
20260432.485940576
173058.28082908376
44914.90926706072
942083.0100254209
1666853.2633007718
5360784.172062894
1369603.9087577485
14874782.232482534
47408059.821442455
1035887.216300645
31324809.187260084
135888.71704099866
283964.0
2978320.0
900711.0
9169.168393657754
231963.7749627594
73536.03431732446
203093.0
79878.0
1439934.0
282708.8937780214
2969847.1223485884
834873.260609464
6251864.0
2284109.0
20255298.0
202126.7046604706
68576.62692181816
1261608.3721732576
1774598.0
6225307.66311647
2034000.942263635
18836760.435730122
51137337.0
1562327.7922799992
46034919.72979997
136253.0
283854.2179955533
2977675.6924331626
63560.275673828844
9686.157607295943
232480.06450759294
217555.2998322019
283854.2179955533
2977675.6924331626
51191.82680010797
6370131.835064806
245779.29368387623
1116142.2453160945
217555.2998322019
6370131.835064806
245779.29368387623
1116142.2453160945
5539353.227507124
5539353.227507124
2218587.691113891
12712433.5372821
19678.00536057407
5300.974897935859
24987013.756628655
17123.83233372712
29298.526492476452
71790.58307692964
148348.69701263652
124.27232374909634
7061868876.156296
4296411.917759309
741422.0706141933
18269992.50574071
1058919.217764735
16566.601936717198
31625718.478683334
4222872.564193014
11164.8613940105
15599.699223050868
10035705420.224722
352774711.8266806
2384736.7070624493
3337659.0847823997
3902697.2522098203
895243500.6453544
15532444.68854074
65306194.68328962
76566.49675731777
49159.0
5384532.125656928
12943.43676995542
8254.289483412362
25870.752798979403
31457.81115146936
75.50017141889404
16910856670.12067
20172808.144987106
642293.5752070325
68633581.9424618
1188582.0
7262.4180549945995
7010811.6642190125
216881.68613662024
2241.534616199573
2586.1882042898187
22805915114.583344
31610813.58717426
383723.3066085095
467985.48590430926
139915.07662537805
35688118.44141804
268735248.0
19853701.1828613
81943.9111812441
63836.44103933258
16244484.056920938
72778.40032549847
99429.0665360478
8882.91012676559
44475.222011188656
102.69745963527411
80939395979.28604
309294066.9848953
2608853.7976724533
17134134.82302152
1880485.1615765812
14828.062898013912
16550343.724240646
1056189.4082638146
6339.376796463721
3689.8651054353913
91390850366.19312
115169244.1260969
1790908.2882165979
792987.7359329758
369183.23483517184
131374810.54163478
10542817.928098727
202776852.9561113
15919315.518515816
17345.380034971848
9006902.460890803
919132.4753463382
2892.3582166777283
16596220.06049284
9629.0
18817.0
41959011783.24695
2712538497.5723486
116584.0876321491
62919372006.36758
181584.35588166234
336694.63984163594
2359455938.1741033
36960.34763256568
57308.61435501994
137112.0
14772768687825.666
2260943.9314837074
2605925.614133613
3875077.83696975
803895.575427228
56337943.93860208
135260.75839501672
207741511.21352404
15919315.518515816
125425.23242697808
115228.26573653286
12623.053651468514
168.49564389906118
16887013.0
246308.0
58148.0
491767122.41828275
30791641.222063348
135260.75839501672
64801976007.77904
207741511.21352404
15919315.518515816
27714171.98544187
115228.26573653286
12623.053651468514
16887013.0
160697647103.8799
491767122.41828275
30791641.222063348
64801976007.77904
27714171.98544187
160697647103.8799
2825061.7874409985
261161550.7590535
19737934.819169454
72133.03057852283
2181258.2270132955
219767.48848414267
1765.9031597240833
16887013.0
113927.58971451079
48356.19321911173
12435396851.959269
766203017.1126776
299132.40318610275
81033025791.43668
3969353.654752281
2436591.5411557457
574723298.632835
136806.0836783148
71321.7061276033
1398525.774162836
4468405436621.217
49207519.99059939
19429258.786467835
207514746.70039824
9847430.878873903
4434956713.8134365
243694.4818993463
134295.78226039332
6767.223665332573
34243.64374516212
2618745.2861501686
58148.0
202806.68301958923
134203.70878013066
5792857.0
6752.47709988496
5792857.0
2618745.2861501686
202498.89651349428
216230.93042836752
5792857.0
5792857.0
216230.93042836752
82.99999999999999
77859.62213826671
4384086.130469518
5313951.01020586
29048.0
57182.0
1840464.0
82.99999999999999
540013.5301744913
287903.3178444037
4384086.130469518
5313951.010205859
756752542.2555876
1840463.9999999995
540013.5301744912
287903.3178444037
63973386.743757814
756752542.2555875
63973386.7437578
135790.0
278469.4931046084
938075.0
7295.09864639378
243276.0
5205841.30520336
76313.8047798459
393510.289722693
56722.35788835994
219061.84423905978
726613.0
5668312.05483515
135747.21159536185
9237956.603167456
82969.91219441315
5668312.05483515
7280.347426881584
5668312.05483515
235716.81151997243
5205841.30520336
2361130.4652399076
225426.0079104719
218516.04911710857
757309.0
725208.0600559777
5668312.05483515
89162.07144227359
82438.86829197413
5668312.05483515
5668312.05483515
2590240.3574107434
2341481.8408496636
225426.0079104719
757309.0
89162.07144227359
2590240.3574107434
103265.18584704015
265631.98958809796
2301976.0
633201.0
15812577.861867344
125425.23242697808
8609.607669734887
125253.22048182365
40934.90677782154
207591.34968169426
368758.1259198126
1461222.0
56905.29113169665
252189.22705539793
2263323.220013478
597794.2083176017
12624789.359180748
98412.43553698166
5943762.622842424
7861828.36731438
271110.61931732425
260151.62845600222
14248163.0
7323331.0
2152188.3257099697
22880519.090737455
587668.7953594245
15812577.861867344
195396.61755736283
182964.44569061283
907516.6347956824
7662027.300699308
5661845.847123023
4984430.736755371
256328.56343500013
250279.78834982764
13551615.845744427
3885179.492571363
2149986.319781998
22880519.090737455
564627.865539832
12624789.359180748
172886881.7263742
6083473.338229886
5821546.787156476
8657884.21137709
7038145.421881974
271110.61931732425
43677698.0
13239313.725223297
7323331.0
22880519.090737455
4350560.425861193
115486981.85407607
5775750.768112717
5615806.856544773
5298886.024606619
4869895.638315054
256328.56343500013
27486624.52606334
12783299.88988192
3885179.492571363
22880519.090737455
190411700.26129177
155180508.08425122
6083473.338229886
8657884.21137709
43677698.0
124881612.71164325
112364128.43198588
5775750.768112717
5298886.024606619
27486624.52606334
190411700.26129177
124881612.71164325
138210.04423809252
283854.2179955533
3030036.0
938075.0
20258982.0
162136.0
8915.088115660365
235877.04718729868
285919.72633964685
217555.2998322019
391269.9126831101
1463582.0
58148.0
264751.30558590975
3020191.4156189607
851464.291094974
16595134.0
129165.04423809252
6370131.835064806
9160478.373038068
283854.2179955533
283854.2179955533
21027282.0
7323331.0
2835549.0
23241663.0
866035.0
20258982.0
202562.9009656196
175758.03293907718
1344436.5771679725
8113044.443861732
5971550.191496052
4984252.535572828
264751.30558590975
264751.30558590975
19224895.31503917
7306199.415618961
2828594.4156189607
23241663.0
800131.291094974
16595134.0
201126799.73057306
6370131.835064806
6370131.835064806
9160478.373038068
9160478.373038068
283854.2179955533
43703658.0
19503096.0
7323331.0
23241663.0
4213455.577886987
118508228.67867152
5971550.191496052
5971550.191496052
4984252.535572828
4984252.535572828
264751.30558590975
40739117.31503917
18160713.31503917
7306199.415618961
23241663.0
201126799.73057306
201126799.73057306
6370131.835064806
9160478.373038068
43703658.0
118508228.67867152
118508228.67867152
5971550.191496052
4984252.535572828
40739117.31503917
201126799.73057306
118508228.67867152
103761.63708548556
288141.97253259673
2263620.5871016877
612994.8142755516
15667728.638483971
123414.60172607978
10270.209782521655
232072.15219428687
91721.68558560027
230732.28721833942
411373.3194346309
1437527.930551475
58148.0
288141.97253259673
2263620.5871016877
612994.8142755516
12512590.344776386
96889.94541141513
6445542.826698703
7792222.000442825
301226.76680577477
282746.61658524326
13803286.529386751
7203017.431234341
2116314.978837212
23241663.0
569309.7760873355
15667728.638483971
230732.28721833942
411373.3194346309
1430809.5149620655
8548831.174736265
6445542.826698703
7792222.000442825
301226.76680577477
282746.61658524326
13803286.529386751
7181493.968901188
2116314.978837212
23241663.0
569309.7760873355
12512590.344776386
171890814.85057923
6762255.241766725
6325073.129431568
9666352.915961351
6992785.818120537
301226.76680577477
42953835.31144558
12833396.320133548
7203017.431234341
23241663.0
8548831.174736265
171890814.85057923
6762255.241766725
6325073.129431568
9666352.915961351
6992785.818120537
301226.76680577477
42687641.24823357
12833396.320133548
7181493.968901188
23241663.0
212615373.26607233
154529068.3458773
6762255.241766725
9666352.915961351
42953835.31144558
212615373.26607233
154529068.3458773
6762255.241766725
9666352.915961351
42687641.24823357
212615373.26607233
212615373.26607233
136209.0
283854.2179955533
2978320.0
899925.9131306382
19231143.666228443
159432.05624830577
9357.635949062542
192291.86326337646
95694.11276976406
217555.2998322019
389579.49739392556
1438792.0554627464
55536.59886192343
280240.4797549859
2977616.0
884046.0
15801676.05254343
127210.9243669629
6370131.835064806
9141883.804857038
283854.2179955533
283736.2038929169
20242736.61009021
7323331.0
2787131.3314960278
22131127.027234614
834323.5472852956
19231143.666228443
212298.95330046746
250991.1646174471
1311796.7360488307
8085997.79923478
6312312.023215728
7617412.144315775
280240.4797549859
280240.4797549859
19988658.0
5945091.42171826
2786548.7108063726
22131127.027234614
818774.8576301232
15801676.05254343
200829286.63967657
6370131.835064806
6368243.609422624
9141883.804857038
9110086.351212326
283854.2179955533
43430968.61009021
18834146.157708287
7323331.0
22131127.027234614
5868584.474811125
176437740.07101637
6312312.023215728
6312312.023215728
7617412.144315775
7617412.144315775
280240.4797549859
39881410.76143867
18585367.123225532
5945091.42171826
22131127.027234614
200829286.63967657
200320527.3813612
6370131.835064806
9141883.804857038
43430968.61009021
176437740.07101637
176437740.07101637
6312312.023215728
7617412.144315775
39881410.76143867
200829286.63967657
176437740.07101637
138652.0
3030036.0
938075.0
236464.0
177215.0
2804213.4922941113
24657.5859786835
1463582.0
49001.600000000006
3030036.0
938075.0
5713154.0
138652.0
21027282.0
1463582.0
5713154.0
236430.3937007874
5713154.0
103373.382534625
846353.8853981955
21027282.0
3030036.0
3030036.0
938075.0
938075.0
1345547.8666666665
1463582.0
1461464.8031496063
1345547.8666666665
1345547.8666666665
21027282.0
21027282.0
3030036.0
938075.0
1463582.0
21027282.0
138652.0
271359.1936600795
1758890.0
938075.0
8806.714679569348
56872.0
88089.5165082957
17183.19161453172
192553.42842912074
75069.60018611216
387577.0
271359.1936600795
1758890.0
938075.0
138652.0
5938376.564465432
2119465.3362022806
11616147.0
192553.42842912074
75069.60018611216
8806.714679569348
387577.0
56872.0
77364.44357439628
1460248.2152650221
5938376.564465432
2119465.3362022806
271359.1936600795
11616147.0
1758890.0
938075.0
43012687.394000195
1460248.2152650221
192553.42842912074
75069.60018611216
387577.0
43012687.394000195
5938376.564465432
2119465.3362022806
11616147.0
1460248.2152650221
43012687.394000195
136253.0
271868.45392471505
2976533.5366836702
902834.0
8834.40226920792
225685.8152585015
304038.1976684013
76729.40803450363
194814.91168399877
79463.04944838563
1395740.000949479
271868.45392471505
2976533.5366836702
902834.0
136253.0
5990541.744147211
2229927.298187258
20244604.417091765
194814.91168399877
79463.04944838563
8834.40226920792
1389526.9721872176
225685.8152585015
286739.88140798133
1755078.3355991691
5990541.744147211
2229927.298187258
271868.45392471505
20244604.417091765
2976533.5366836702
902834.0
49882315.611185364
1755078.3355991691
194814.91168399877
79463.04944838563
1389526.9721872176
49882315.611185364
5990541.744147211
2229927.298187258
20244604.417091765
1755078.3355991691
49882315.611185364
